# Criação do conjunto de dados

dados <- c(20.6, 21.1, 22.7, 22.2, 23.1, 20.9, 21.6, 21.8, 22.1, 22.9)

